1
2
4
5
6
7
10
11
12
14
15
17
18
21
22
23
25
28
29
33
36
37
38
40
41
43
44
45
46
47
48
49
50
51
52
53
54
55
58
59
61
62
63
64
65
66
67
68
69
70
73
74
75
76
78
79
80
81
82
84
85
86
87
89
90
92
93
94
95
96
97
98
99
101
102
104
105
106
107
108
109
110
111
115
116
117
118
119
121
122
126
129
130
133
136
137
138
139
141
142
145
146
148
149
153
155
156
157
159
160
161
163
164
165
166
167
170
171
172
173
174
175
176
177
180
182
183
184
186
187
188
189
190
191
193
194
197
199
200
201
202
205
206
207
208
210
211
212
213
214
215
216
217
219
222
224
225
226
227
228
230
231
232
233
235
239
240
241
242
243
244
245
246
250
251
252
253
255
256
258
261
264
265
269
271
272
273
274
277
279
282
284
285
286
288
289
290
293
294
295
296
297
299
300
304
305
306
307
308
309
310
311
312
313
314
315
316
317
318
319
324
327
329
330
331
333
334
336
338
339
340
341
343
344
346
348
350
351
352
353
354
355
356
358
360
361
364
365
366
367
368
369
370
371
374
375
376
378
382
383
384
385
388
389
390
391
392
393
395
396
398
399
400
401
403
406
407
409
410
411
412
413
414
415
416
417
418
419
420
421
425
426
428
429
430
431
433
435
436
437
439
440
442
443
444
445
446
447
448
449
450
451
453
455
456
458
459
463
466
468
469
470
473
475
477
478
479
480
481
482
483
484
485
486
489
491
492
493
494
495
497
498
499
500
501
502
504
505
506
507
508
509
510
511
512
516
517
518
519
520
521
522
523
524
525
526
528
529
530
532
533
534
535
536
537
538
539
540
541
542
543
544
545
546
547
548
549
550
551
552
553
554
556
557
558
560
561
562
564
565
566
567
568
570
571
572
573
574
575
578
581
582
583
584
585
587
588
589
591
593
595
596
597
599
600
601
603
604
605
606
607
608
610
612
613
614
615
616
618
621
622
623
625
626
627
629
630
634
635
638
639
640
641
642
643
645
647
648
649
652
653
654
656
657
658
659
660
662
663
664
665
666
667
668
669
670
672
675
677
679
680
681
684
690
691
692
693
694
695
696
697
698
701
702
703
704
705
706
708
709
711
712
713
714
715
716
717
719
721
722
723
726
727
728
729
731
732
734
735
736
738
740
743
744
745
747
748
749
750
751
753
754
755
756
757
758
760
761
762
763
764
765
766
767
768
771
772
774
775
777
778
779
781
782
783
784
785
787
788
789
791
792
793
794
795
796
797
798
799
801
802
803
804
805
806
807
808
809
810
811
812
813
816
817
818
820
821
824
828
829
832
833
835
837
838
839
841
842
843
844
845
846
847
848
849
850
851
852
855
856
857
858
859
860
861
862
864
865
868
871
872
873
874
875
876
877
878
879
880
881
882
883
884
885
886
887
888
889
891
892
893
894
895
896
897
898
899
900
901
902
903
904
905
906
907
908
909
910
912
913
917
918
920
922
923
924
925
926
927
928
929
930
931
934
938
939
940
941
942
944
945
946
947
948
949
950
952
953
954
958
959
960
961
962
964
965
967
968
970
972
973
975
976
977
978
980
981
982
984
985
986
988
989
990
991
993
994
995
996
999
1000
1003
1004
1005
1006
1007
1009
1011
1014
1015
1016
1017
1019
1020
1021
1023
1024
1025
1026
1027
1028
1029
1030
1035
1036
1037
1038
1041
1042
1043
1046
1047
1050
1051
1052
1053
1054
1056
1059
1060
1063
1065
1070
1071
1072
1074
1076
1077
1078
1079
1080
1081
1082
1083
1084
1085
1086
1087
1088
1089
1090
1091
1092
1093
1094
1096
1099
1100
1103
1104
1105
1107
1108
1109
1110
1111
1112
1113
1115
1116
1118
1120
1122
1123
1124
1125
1127
1128
1129
1131
1133
1134
1135
1137
1138
1139
1140
1141
1142
1143
1144
1145
1146
1147
1148
1149
1151
1153
1158
1159
1161
1162
1163
1164
1165
1167
1169
1170
1172
1173
1174
1175
1176
1177
1178
1179
1181
1182
1184
1185
1186
1187
1188
1190
1191
1193
1194
1195
1196
1197
1199
1200
1201
1203
1205
1206
1207
1208
1209
1210
1211
1212
1213
1215
1216
1217
1218
1219
1221
1226
1227
1228
1231
1232
1233
1235
1236
1237
1238
1239
1240
1242
1243
1244
1245
1246
1248
1249
1250
1252
1253
1254
1255
1256
1257
1258
1259
1260
1261
1263
1265
1266
1267
1268
1269
1270
1273
1274
1276
1277
1278
1279
1280
1281
1282
1283
1284
1286
1287
1289
1290
1292
1293
1294
1295
1296
1297
1300
1302
1307
1308
1310
1311
1312
1313
1314
1316
1318
1320
1321
1322
1323
1325
1328
1330
1331
1332
1333
1335
1336
1337
1339
1341
1343
1344
1345
1346
1349
1350
1351
1352
1353
1355
1356
1359
1361
1362
1363
1364
1365
1367
1372
1373
1374
1375
1377
1378
1379
1380
1381
1382
1383
1384
1387
1389
1390
1393
1394
1395
1396
1398
1400
1401
1402
1403
1405
1406
1408
1409
1410
1411
1413
1414
1415
1418
1421
1422
1423
1424
1425
1426
1427
1428
1429
1430
1431
1432
1433
1434
1435
1436
1437
1438
1440
1441
1443
1444
1445
1446
1447
1448
1449
1451
1453
1454
1455
1456
1457
1458
1459
1460
1461
1462
1463
1464
1467
1469
1472
1473
1474
1475
1476
1477
1480
1481
1483
1484
1485
1486
1489
1493
1497
1498
1499
1500
1501
1502
1504
1505
1506
1508
1509
1510
1512
1513
1514
1516
1517
1518
1519
1520
1524
1529
1530
1531
1532
1534
1536
1539
1541
1543
1545
1548
1549
1550
1551
1554
1556
1557
1558
1562
1563
1564
1565
1566
1567
1569
1570
1571
1572
1573
1574
1575
1576
1577
1578
1579
1580
1581
1582
1583
1584
1585
1586
1587
1588
1590
1591
1593
1594
1596
1597
1598
1599
1600
1601
1602
1603
1604
1605
1607
1608
1609
1611
1612
1613
1614
1618
1619
1621
1622
1623
1625
1626
1628
1629
1630
1631
1633
1634
1635
1636
1639
1640
1641
1642
1644
1647
1648
1649
1651
1652
1653
1654
1656
1657
1658
1659
1660
1661
1662
1664
1667
1669
1670
1671
1672
1673
1674
1676
1679
1680
1682
1683
1687
1688
1691
1692
1698
1702
1704
1705
1706
1707
1710
1711
1714
1716
1717
1719
1723
1724
1725
1726
1727
1730
1732
1733
1737
1742
1743
1744
1745
1746
1747
1748
1749
1751
1752
1753
1754
1757
1758
1759
1760
1761
1762
1763
1764
1765
1766
1767
1771
1772
1773
1775
1776
1779
1781
1783
1784
1785
1786
1787
1788
1789
1790
1793
1794
1795
1797
1798
1799
1800
1801
1802
1803
1804
1805
1807
1810
1811
1814
1815
1816
1817
1819
1820
1824
1825
1828
1829
1830
1831
1832
1833
1834
1835
1836
1837
1838
1839
1840
1843
1847
1849
1850
1851
1852
1854
1856
1857
1858
1859
1860
1862
1863
1866
1867
1870
1871
1872
1873
1874
1875
1876
1877
1878
1881
1882
1885
1886
1887
1889
1890
1891
1893
1895
1896
1898
1899
1900
1901
1902
1903
1904
1905
1906
1907
1908
1909
1910
1911
1912
1913
1915
1917
1919
1920
1921
1922
1923
1924
1925
1927
1928
1929
1931
1933
1934
1935
1936
1937
1938
1940
1941
1943
1944
1945
1946
1947
1949
1952
1954
1955
1956
1957
1960
1961
1963
1964
1965
1966
1967
1968
1969
1971
1972
1973
1974
1978
1980
1981
1982
1983
1984
1985
1986
1987
1989
1991
1992
1994
1995
1998
1999
2000
2001
2002
2004
2006
2007
2008
2010
2012
2013
2014
2017
2018
2019
2020
2022
2023
2024
2025
2026
2029
2030
2032
2034
2035
2040
2041
2044
2045
2046
2047
2048
2049
2050
2052
2053
2054
2055
2056
2057
2058
2059
2060
2061
2062
2063
2064
2065
2066
2067
2068
2072
2074
2075
2076
2077
2078
2079
2080
2081
2082
2083
2084
2085
2088
2089
2090
2092
2093
2094
2095
2096
2097
2100
2101
2102
2104
2105
2107
2109
2110
2111
2112
2114
2115
2116
2117
2118
2119
2122
2124
2126
2129
2130
2131
2132
2134
2137
2138
2139
2141
2142
2144
2146
2147
2149
2150
2151
2152
2154
2156
2158
2160
2161
2162
2164
2166
2167
2168
2169
2170
2172
2173
2174
2175
2176
2177
2182
2183
2184
2185
2187
2188
2190
2191
2192
2193
2194
2195
2196
2197
2198
2200
2201
2202
2203
2204
2205
2207
2208
2213
2216
2217
2218
2219
2220
2222
2223
2224
2225
2226
2227
2228
2229
2230
2231
2232
2234
2235
2236
2239
2241
2243
2244
2246
2247
2248
2249
2250
2252
2254
2255
2257
2258
2259
2260
2261
2264
2265
2266
2268
2269
2270
2271
2272
2273
2274
2275
2276
2277
2280
2281
2282
2284
2285
2286
2287
2289
2290
2291
2292
2293
2294
2295
2297
2298
2299
2300
2302
2305
2306
2307
2309
2310
2311
2312
2313
2314
2315
2316
2317
2318
2323
2324
2325
2328
2330
2331
2332
2335
2337
2339
2341
2343
2344
2345
2347
2349
2350
2351
2352
2353
2354
2355
2356
2357
2359
2360
2361
2362
2365
2366
2367
2369
2370
2371
2373
2374
2375
2376
2377
2378
2379
2380
2382
2383
2384
2386
2387
2388
2389
2390
2391
2394
2396
2397
2398
2399
2400
2401
2402
2403
2404
2405
2409
2410
2413
2415
2417
2419
2420
2421
2422
2424
2425
2426
2427
2428
2430
2431
2432
2434
2436
2437
2438
2439
2442
2443
2445
2446
2448
2449
2453
2454
2455
2456
2457
2458
2460
2461
2463
2464
2465
2466
2467
2468
2469
2470
2471
2473
2474
2475
2482
2483
2484
2485
2486
2487
2491
2492
2493
2495
2496
2497
2498
2502
2503
2504
2506
2507
2508
2512
2513
2515
2519
2520
2523
2524
2526
2529
2530
2531
2532
2534
2537
2538
2539
2544
2546
2551
2552
2553
2554
2557
2558
2559
2563
2565
2566
2567
2568
2569
2570
2572
2574
2575
2579
2580
2581
2583
2585
2586
2589
2591
2592
2594
2595
2597
2598
2600
2601
2602
2603
2604
2605
2606
2608
2609
2610
2611
2612
2613
2614
2615
2616
2617
2618
2619
2620
2621
2623
2624
2625
2627
2628
2630
2631
2632
2633
2634
2635
2636
2637
2638
2640
2641
2642
2645
2646
2647
2648
2649
2650
2655
2656
2658
2660
2661
2662
2663
2664
2665
2666
2667
2668
2669
2670
2674
2675
2676
2677
2679
2681
2682
2683
2684
2686
2687
2688
2690
2693
2694
2696
2698
2699
2700
2701
2702
2703
2704
2705
2706
