163	659
163	174
163	1457
163	346
163	2557
92	2438
523	283
523	2642
523	1676
608	394
608	2230
608	680
608	975
608	179
608	133
608	611
611	899
611	2230
611	2501
611	1103
611	2340
611	2352
611	718
611	864
611	2505
611	1755
611	1763
611	2050
611	386
611	179
611	716
611	1732
611	511
611	2540
611	2676
611	2385
611	1668
611	28
611	633
611	1352
611	579
611	1493
611	133
611	1116
611	1564
611	368
611	1488
611	2378
611	938
611	1265
611	1935
611	1499
611	2260
611	1315
611	2325
611	601
611	413
747	83
747	336
747	73
747	600
747	203
747	349
747	112
747	234
747	458
747	680
747	695
747	198
747	502
747	724
747	328
747	397
747	737
747	599
747	665
747	545
747	186
747	494
747	609
747	610
747	315
747	330
747	386
747	620
747	229
747	235
747	700
747	628
747	526
747	527
747	763
747	146
747	283
747	104
747	771
747	572
747	699
747	217
747	110
747	202
747	204
747	43
747	655
747	72
747	579
747	26
747	685
747	368
747	18
345	261
1512	949
569	1457
569	1430
570	212
570	2026
570	1258
570	1381
570	1200
570	1243
570	1246
570	1524
570	1709
570	169
570	1922
570	1814
570	872
570	59
570	874
570	1245
570	1067
2486	1970
2498	2147
2498	2567
2498	2500
2498	2322
2499	203
2499	2147
1240	912
1241	912
1328	1423
1328	1584
1328	1101
1328	1031
1328	1513
1328	927
1328	1412
1328	1155
1328	1020
1328	1109
1328	1111
1328	1568
1328	947
1328	783
1328	785
1328	1173
1328	1107
427	2044
427	2295
427	1274
427	1766
427	1914
427	2255
427	1103
427	1811
427	2383
427	493
427	2453
427	1760
427	665
427	2574
427	2388
427	1399
427	1405
427	494
427	610
427	587
427	2258
427	823
427	1318
427	526
427	1547
427	2412
427	1037
427	146
427	2306
427	312
427	202
427	1283
427	1284
427	230
427	2658
427	399
427	698
427	406
427	1975
427	250
427	584
427	304
427	2448
427	2683
427	1488
427	18
427	954
427	2437
427	916
427	1999
427	674
427	946
427	1577
427	658
438	607
438	616
438	720
71	677
71	1559
71	1923
74	906
74	1017
74	1103
74	949
294	83
294	665
294	1672
591	2155
1028	1435
1028	1037
1028	206
1028	1042
1028	1610
2378	2050
465	2672
2368	2642
477	1645
477	1766
477	229
477	2409
562	1889
565	2672
565	283
565	2642
2583	1423
2597	2256
690	2457
924	1480
318	2427
1195	1323
1195	1630
1287	810
2427	1888
2427	2548
2427	2591
2427	2391
2427	507
1608	949
1612	1517
1281	1604
1281	948
1281	1471
1281	1272
1281	1282
1281	1451
1282	1494
1282	1022
1282	948
1282	1471
1282	1272
1282	1446
1282	1281
378	2042
378	1644
414	908
478	520
478	754
1645	797
1645	204
871	1591
1732	853
1732	2225
1732	1493
68	1979
496	2393
496	501
496	1896
2393	1813
2393	1952
2393	1896
2393	2029
501	174
503	1813
503	174
503	1952
503	501
503	2396
503	1851
503	2029
2409	2027
2409	174
1672	899
1672	807
1672	1352
1672	1564
1672	903
1023	1090
1029	1090
2615	2074
2615	1647
1062	1323
1285	770
2306	2594
407	512
407	2439
407	1763
409	2582
2526	2448
132	346
2187	2314
2187	531
2467	2155
1574	1017
745	600
745	458
745	1756
745	1763
745	666
745	1157
1860	906
102	404
102	2012
102	1824
102	1893
1644	986
1644	1862
1644	1863
1644	2484
217	2355
217	685
2707	2344
157	1017
157	2230
1283	823
1283	1318
1283	1547
1112	1403
1112	1073
1112	926
1112	2415
1112	1512
1112	101
1118	1540
1118	134
2090	1260
655	198
320	259
624	112
624	572
625	700
2543	2440
1019	906
350	180
350	111
350	730
350	201
350	770
350	664
2024	737
227	823
227	1318
227	1547
1462	1657
399	1250
399	1251
15	234
698	360
2181	2143
809	1190
809	1229
809	1639
809	297
809	1222
809	1044
809	908
809	1615
809	812
809	814
809	919
809	1080
809	1365
812	1044
812	1080
812	1365
814	1044
814	812
814	1365
2428	2042
2346	397
1867	1754
1869	1754
88	587
2612	724
2612	1903
2612	2625
2612	26
2041	1744
2049	2218
847	1402
134	1782
1321	1041
1321	1190
1321	297
1321	1222
1321	814
1321	1080
2135	2012
2135	2023
2243	831
2243	2244
2243	2245
1488	206
1490	206
930	1254
930	1062
930	805
2530	2415
2530	2090
2084	2615
954	1461
2394	2427
1265	921
1265	1725
142	823
142	1318
142	1547
2429	2281
878	1023
878	1472
1532	1480
2260	2501
1810	1766
1129	1190
1129	1222
1129	809
1129	814
1129	919
1129	1080
2176	1914
2176	2535
1346	1272
1346	1281
1346	1451
1451	1604
1451	1272
663	496
663	2393
663	501
1896	1851
1266	1576
1266	836
1080	814
967	1394
1365	1044
1365	812
269	24
2044	1149
2044	2683
659	695
659	397
659	11
659	624
659	625
504	702
2584	2632
1818	2073
1818	1813
1818	2029
1952	2396
1952	2029
2055	2352
527	2606
2459	553
2459	2606
1746	1948
1254	1464
1254	1062
1254	930
360	151
1313	1623
1313	1655
1196	840
730	770
1980	2457
1301	1266
763	241
763	2355
201	143
2236	2542
2236	2435
2236	2262
2262	2542
2262	2435
2262	2236
1463	1399
1463	1405
1463	1406
146	17
283	2093
2268	2445
2268	2275
2268	1753
2275	2445
2275	2522
2275	2268
2275	2191
123	553
1306	607
1879	2355
1879	1760
1879	763
1583	900
1583	2563
1583	2396
1421	1417
1615	1229
1615	1639
1145	1323
639	1763
2107	2574
271	718
1341	1044
1341	812
143	180
1820	2383
1820	2569
1996	1997
1295	886
2432	1755
1725	921
1725	1265
2603	1756
1663	1266
2438	2091
2056	271
441	297
1461	1357
1272	1604
26	1129
331	179
331	101
1960	1949
1446	948
1005	1313
1915	2497
1915	1981
2448	2311
2611	1763
2119	2154
784	845
784	1613
784	1338
917	784
1789	2469
2621	2105
1387	1239
1817	2464
2386	2387
2575	2388
1751	2691
2247	2701
2247	2263
2263	2701
589	282
589	592
592	1144
592	282
592	589
592	1509
1509	1144
1509	589
1134	2281
1873	1998
1981	2491
2503	2358
1511	1357
1629	796
1874	1920
2116	2125
1120	1677
1120	2275
1929	2349
2533	2517
617	226
2185	2109
1887	2258
