163	402
163	659
163	1696
163	2295
163	1274
163	1286
163	1544
163	2600
163	2363
163	1905
163	1611
163	141
163	1807
163	1110
163	174
163	2521
163	1792
163	1675
163	1334
163	813
163	1799
163	1943
163	2077
163	765
163	769
163	781
163	940
163	942
163	1590
163	1734
163	1872
163	2286
163	390
163	1717
163	1030
163	2274
163	2518
163	606
163	800
163	1575
163	546
163	1070
163	309
163	935
163	1205
163	1571
163	1971
163	1127
163	530
163	856
163	2604
163	910
163	2173
163	191
163	1253
163	1728
163	1729
163	1206
163	2177
163	1136
163	1457
163	2265
163	1225
163	2563
163	1689
163	1498
163	563
163	2396
163	717
163	1890
163	188
163	982
163	1130
163	55
163	346
163	2673
163	1379
163	1380
163	1207
163	2451
163	961
163	42
163	624
163	1573
163	2232
163	145
163	2361
163	2659
163	743
163	744
163	1139
163	1572
163	1303
163	1305
163	129
163	415
163	2204
163	1224
163	219
163	2667
163	727
163	448
163	237
163	2557
163	2200
163	22
163	1218
163	2202
163	1069
163	1178
163	2175
163	966
163	1219
163	757
163	1685
163	1691
163	1850
163	1159
163	1410
163	380
163	1536
163	1650
163	1558
163	2564
163	2298
163	1362
163	1784
163	1831
163	1065
163	290
163	1277
163	395
163	1098
163	1404
163	1099
163	2196
163	2554
163	1715
163	2248
163	2251
163	2280
163	2296
163	1113
163	714
163	2638
163	602
163	1530
163	1257
163	2259
163	689
163	1060
163	2039
163	1594
163	2116
163	1775
163	422
163	2316
163	266
163	658
163	1333
163	1153
163	1515
163	1114
163	523
163	1106
163	1467
168	2604
523	478
523	870
523	2442
523	2600
523	1616
523	2551
523	910
523	882
523	283
523	1214
523	1687
523	1931
523	2408
523	961
523	54
523	2642
523	1676
523	508
523	540
523	415
523	1790
523	465
523	565
523	2480
523	551
523	1921
523	277
402	403
402	681
403	2104
2309	403
2309	681
2309	1325
638	2673
638	2541
1136	1286
1136	1030
1136	800
1136	1740
1136	1575
1136	935
1136	1063
1136	1142
1136	1018
1136	727
1136	1558
1136	1516
1136	1060
1136	1594
1136	1333
1142	1018
1498	1351
427	2295
427	1274
427	2255
427	493
427	1999
427	1577
427	658
430	1207
294	191
1378	970
562	1117
565	910
565	1790
566	1544
567	970
686	2541
378	1207
1114	1696
1114	1588
1114	1261
1114	1603
1114	602
1114	1371
1114	1117
247	2257
247	2446
247	1973
247	982
247	1261
247	1117
2089	1261
2089	1603
2089	714
2089	1530
2089	1117
1117	1588
1117	2332
1117	1225
1117	1261
1117	1603
1592	1734
910	1589
910	1673
910	1131
910	1432
910	1590
910	1140
910	1253
910	982
910	1573
910	1311
910	964
910	966
910	764
910	811
910	1221
910	981
910	1481
910	902
910	1117
503	2396
1016	1110
1016	943
1016	1070
1016	1205
1016	856
1016	1729
1016	1305
1016	727
1016	1670
1016	728
1016	1466
2177	1883
411	2232
2192	1743
2192	177
1931	2277
1931	2402
1931	1408
1931	1921
2220	2600
2220	1958
2220	1409
2220	2563
2220	2226
2220	1940
2220	2252
2220	290
2220	1950
2226	2478
2226	2139
2226	1958
2226	1950
1079	1009
624	11
2529	2521
636	2173
636	2204
636	764
1573	1673
1573	1432
1573	764
1573	1481
1690	995
2361	2175
2361	2216
2361	139
15	129
15	538
343	1274
343	1571
343	530
343	1303
343	1098
343	1577
1303	1274
1303	2347
1305	1274
1305	1740
1305	1575
1305	1065
1305	1098
129	2363
129	2446
129	1973
129	1409
129	188
129	2220
129	2165
129	2451
129	538
129	22
129	2193
129	1204
881	2295
881	2702
1969	2363
1969	2200
415	995
415	789
415	2664
415	2103
415	1737
415	1832
415	1836
415	209
415	1790
415	2353
415	712
1018	1142
219	402
219	1325
219	1738
219	38
219	2563
219	1689
219	563
219	846
219	757
219	1404
219	712
727	1799
846	781
846	2173
846	1533
846	2204
846	219
846	757
144	188
144	2102
2444	2257
538	402
538	2309
538	487
538	1738
538	1689
538	2165
538	2193
538	1204
538	1036
237	329
237	1060
1767	2257
22	2257
22	1790
1768	2257
1541	1395
1178	995
1178	854
1178	956
1178	1476
1178	1736
1178	1737
1178	1688
1178	1690
1178	1230
1178	1231
1178	1232
1178	1362
1178	1034
1178	1099
2175	1745
2175	1009
2175	1719
2175	1940
2175	2249
2175	2250
2175	1362
2175	2087
2175	2206
2175	120
2175	2259
1184	141
1184	781
1184	1362
1184	1784
1184	2199
1184	844
1184	120
1184	860
964	1673
964	1432
964	1140
964	965
964	966
964	1481
964	902
965	1673
965	1432
965	1590
965	1140
965	1253
965	966
965	981
965	177
965	1481
965	1060
966	1673
966	1131
966	1140
966	1481
2687	764
764	769
764	1581
764	636
764	2174
764	1311
2334	1588
2334	1917
2334	2332
2334	2103
2334	54
2334	1832
2334	1836
2334	209
2334	1790
2334	2353
2334	602
2128	2479
2128	2030
2130	2030
2131	2030
1523	813
1523	815
1523	1136
1523	343
1523	880
1523	1060
120	1959
712	681
712	2664
712	1965
712	54
712	1036
1662	1036
860	1940
981	1140
177	1959
1257	1872
1257	1719
1257	2175
1257	2087
1257	2259
2259	2271
2259	1959
2261	1719
2261	2087
2261	2206
2261	2259
689	1826
689	1580
1625	1580
1060	1890
1060	2039
2039	1890
1249	1734
1249	1054
1249	1408
1775	1771
1775	2116
1775	2082
1793	1775
1793	2082
1795	1775
1795	2082
1580	1577
658	1577
793	1110
793	959
793	1334
793	1694
793	1330
793	1734
793	943
793	1070
793	1205
793	1127
793	856
793	1380
793	42
793	1139
793	163
793	1069
793	1691
793	1455
793	1715
793	1249
793	262
793	1333
793	1467
902	910
902	964
902	965
902	966
902	981
1333	1514
1333	1369
1333	1225
1333	1207
1333	1224
1333	1708
1333	1467
207	1536
1153	1611
1153	1675
1153	942
1153	1070
1153	1205
1153	1127
1153	856
1153	1063
1153	1219
1153	1410
1153	1455
1153	1077
1153	1065
1153	1113
1153	1257
1153	1204
1921	2402
2030	2077
2030	2659
2030	743
2030	744
2030	2316
967	689
1911	1719
1911	290
1911	1098
1911	2087
1911	2206
1911	860
934	940
934	1009
934	1631
934	844
934	860
970	1396
974	844
974	970
728	243
728	943
728	1127
728	1305
728	1466
1106	1305
1106	1065
1466	943
1466	1650
1467	1333
243	357
243	53
2630	1826
659	11
1696	1769
1696	1334
1696	1943
1696	1872
1696	1971
1696	2330
1696	2250
1696	2175
1696	1771
995	2139
995	956
995	1971
995	1985
995	1690
995	1230
995	1231
995	1232
995	1495
1646	943
1646	145
2598	854
2598	956
2598	1631
2598	2330
2598	1230
2598	1232
2604	1631
2604	2330
1631	2330
1736	1690
1737	1736
2412	2255
1952	2396
2055	2352
2164	2521
1140	2294
1140	1311
1140	811
2173	2204
191	448
191	22
191	395
100	1611
100	265
100	758
1980	2457
1980	758
1980	2202
1980	262
1253	1131
1253	1311
1253	811
1719	2363
1719	1216
1728	1110
1728	129
1728	168
1728	1536
1728	1474
1728	1249
1728	1775
1729	1110
578	1333
1738	1264
2319	2479
1409	2600
1409	2703
1409	789
1409	958
1409	2220
1409	1797
1206	1544
1206	789
1441	1717
1063	1628
1063	1065
265	758
537	357
537	606
537	1204
2170	1325
1175	1325
1175	1628
2254	2347
2254	2039
2265	2347
38	372
38	563
38	273
1583	2563
1583	2396
1689	1738
1689	38
2624	2702
2624	1931
2624	1878
2624	2277
2624	1204
2396	2563
717	2502
717	1877
717	2568
717	1122
717	523
1890	2039
188	141
188	721
188	755
188	717
188	42
188	163
188	415
188	757
188	380
188	139
188	120
188	262
188	523
189	2664
189	188
189	42
189	163
189	395
189	2102
2205	1799
1533	900
1533	1730
1533	781
1533	1277
1533	970
1130	959
1130	1334
2165	2363
2165	538
2165	2193
2165	1143
1940	2250
2330	1769
2330	1631
55	1905
55	361
55	1832
55	844
1834	1905
2317	2624
2673	995
2673	2541
1379	1611
1380	1611
1380	1717
941	1717
941	1441
1207	900
2451	2446
2451	1973
961	1515
42	188
2237	2274
2237	2170
145	2521
145	2286
145	390
145	1224
145	1218
145	2248
145	2251
145	2280
145	2296
145	1530
2659	743
2659	2316
743	2077
743	65
743	2316
744	2077
744	65
744	743
744	2316
2101	2470
1139	780
1139	1572
1139	1018
1139	1598
1946	1030
1946	2516
1319	1391
1572	1598
2490	1807
1878	2571
2204	2173
1563	357
1563	53
1224	2673
1439	53
1439	803
2667	2295
2667	2381
2667	2504
2667	2429
758	265
2238	2271
2249	2271
2250	2271
2252	2271
2252	2277
2407	2704
2407	1631
2200	2703
2200	1797
1216	1035
1216	1571
1216	1299
1218	1035
1218	1571
1218	1299
1218	1424
1218	714
1218	1670
1218	833
1218	1516
1218	1530
2202	1571
2202	1303
2202	2638
1069	1096
1069	1685
1069	1455
1069	422
757	755
757	1965
1685	1069
1685	1455
1685	422
1850	2554
1159	2564
1159	1485
380	1737
380	1784
380	2641
380	2196
380	1473
380	1474
380	1257
380	934
1536	1518
1536	2504
1771	1872
1221	2703
1221	1797
938	1127
938	2196
2058	755
2058	2232
2058	757
1455	1694
1558	2564
2564	1785
880	815
880	1523
2298	2518
1424	1799
1231	854
1231	956
1231	1985
1231	2086
1231	1230
1231	1232
2211	854
2211	1971
2211	1232
2216	2688
2216	2705
2470	1230
2470	1277
2470	2643
2470	2646
1495	1231
1784	2688
1784	2705
1784	55
1784	2199
1784	844
1936	1943
1831	1832
1831	1836
1832	1836
1836	1832
1839	2688
1839	2705
1839	290
1840	2688
1840	2705
1034	1730
209	2704
1065	1279
2133	2199
2133	2206
2152	1277
2267	2196
2269	2277
1277	1476
1277	2277
2402	1921
1408	1921
2641	1745
2643	2646
2646	2643
2206	1925
2206	1984
2379	1984
2379	2206
2392	1925
1404	755
1404	1143
2065	1985
2065	2086
1167	1330
1167	1331
1167	1332
2102	2664
1473	1474
1473	1249
1474	1249
1715	1734
1715	1386
2248	2296
2251	2296
2280	2286
1113	1380
1598	780
714	1035
714	1299
714	833
1796	1030
1796	1917
1796	833
833	2001
833	1516
1392	1299
1530	1424
1134	1264
1134	2281
273	372
1999	2515
1999	2003
2003	2515
2003	1999
2116	2125
422	1691
