168	475
168	1756
611	938
2302	403
2302	1353
2302	2111
2302	1880
2302	2104
1351	900
294	1353
2637	2652
228	2465
228	2617
228	1692
228	259
228	900
228	119
228	323
228	52
1174	902
2652	240
2089	357
2089	1965
2082	2545
2082	2178
1688	1228
745	1756
745	2165
2220	2478
2220	2139
560	938
1565	899
1565	1088
803	357
803	53
803	1563
803	1439
2047	2111
2429	2281
2429	2624
2429	2317
2429	2152
2429	1143
934	1353
1441	1638
1583	900
2317	1353
2603	1756
2613	1756
1663	1756
1663	2504
1663	1266
240	2308
240	61
2133	1925
2512	1930
972	953
1796	2001
2264	2519
