163	1498
163	266
1892	2131
523	478
523	1214
523	540
1534	1498
1534	1278
1534	1122
1534	289
1534	1148
1535	289
1537	289
1537	1535
612	289
612	1046
638	2465
638	862
638	441
638	449
580	922
580	1212
1496	1125
1497	901
1497	1163
1497	580
1497	1212
581	580
582	818
582	259
582	1792
582	1498
1498	2398
1498	1163
1498	2158
1498	1049
1498	1071
1498	1351
1498	2450
1498	1483
583	2398
583	2568
583	50
583	1214
583	1278
583	1126
583	64
583	284
583	643
583	2371
2508	2137
1122	799
1122	1194
1122	594
1123	539
1123	541
1123	1188
1123	1176
1123	75
1123	1483
1125	817
1125	818
1125	857
1125	1483
1126	2489
1126	923
1126	580
1126	1497
1126	1212
1212	817
1212	818
1212	819
1212	1552
1215	1699
1215	818
1215	819
1215	1209
1215	580
1215	1707
1215	824
1215	825
426	2369
426	937
426	303
426	318
1328	1584
1328	1101
1328	1513
1328	927
1328	1412
1328	1155
1328	1111
1328	1568
1328	947
1328	783
1328	785
1328	1107
427	2658
430	1617
430	2593
430	683
430	2137
430	1698
430	1568
430	686
430	172
430	236
2342	2593
2342	2151
1339	1111
1339	1570
438	96
289	2568
289	1498
289	1278
289	64
75	2122
75	2299
75	1854
75	1855
75	288
1854	2122
1854	1976
1854	2048
1854	2645
1854	2299
1854	2482
1854	1855
1855	2122
1855	2482
1855	1854
1864	2122
1864	1854
1864	1855
1621	300
1621	1448
1621	1194
1621	594
1621	824
2057	2465
2057	2695
2057	790
2057	1510
228	2465
228	259
477	2658
562	1401
565	478
565	1401
566	2658
566	858
566	449
686	683
686	1273
686	116
686	225
686	760
686	223
686	44
686	1698
686	381
686	430
686	2541
686	2557
686	119
1626	1584
1626	1407
1626	1698
1626	1735
1626	1164
2597	2256
2597	1698
1174	303
1174	414
318	445
318	2310
318	991
318	2333
318	686
318	2427
318	1173
1053	1568
236	1617
236	156
1107	1617
414	1877
414	908
414	1442
414	1445
414	440
635	683
635	256
635	634
635	686
635	172
649	2560
649	166
649	2294
649	96
649	2581
649	457
649	2403
649	2123
649	752
649	1643
166	457
166	1125
986	862
986	1642
986	2616
986	2605
986	136
258	1111
478	96
478	215
478	618
478	218
478	520
478	497
478	227
478	470
478	303
478	754
478	396
478	568
478	52
478	274
479	649
479	478
479	147
479	418
479	1354
479	1627
479	2636
479	92
479	2300
479	136
479	449
1234	937
2607	2310
2607	2369
2607	1987
539	1665
539	1210
539	1209
539	183
539	1453
539	454
539	541
1453	1152
1453	1210
256	2369
256	928
256	430
256	2225
256	634
256	983
1344	1138
1344	1121
1344	1047
1345	1344
1345	1046
1345	1047
1345	1640
1348	1047
1348	612
1354	1695
1354	313
1354	1420
1354	1089
1354	1304
1354	1465
1354	1039
1354	1040
1354	1317
1354	806
1354	992
1354	994
1354	1001
1354	911
1354	1123
1354	1188
1354	1176
1354	75
1354	1426
1354	1674
1354	1680
1354	1047
1860	548
1860	906
1860	683
82	1553
2380	2294
2380	215
2380	288
486	1278
486	64
486	284
486	1148
486	285
486	2276
1644	986
1644	2484
1644	2364
1644	2614
1644	2616
1644	318
2614	986
2614	2484
2614	2616
2616	986
2616	2484
2061	96
2061	215
2061	2062
2066	2062
1084	991
1084	858
320	259
2658	1860
2658	1559
2658	691
1019	862
1019	927
2299	1854
2299	1855
2529	2294
629	612
2544	2568
843	1101
843	2658
858	2035
858	991
858	281
227	2319
593	300
593	594
1431	1412
540	543
540	603
540	1121
540	1640
2423	862
2428	116
2428	225
2428	760
2428	44
2428	1860
2430	1860
1111	1101
1111	1412
1111	2292
2215	1877
2215	2650
2215	344
2215	2057
2215	675
1138	1597
1138	1420
1138	806
284	64
1148	1597
1148	1355
285	231
285	1148
632	683
1570	1109
1570	1111
1570	634
1570	1164
634	2593
634	1513
634	430
634	686
88	116
88	225
88	760
88	44
1812	2364
1812	862
1812	1513
1812	1407
1812	1155
1812	783
1812	785
2605	1401
2605	2502
2605	951
2123	2482
431	2137
887	983
752	1621
1377	313
1377	1642
1377	288
1475	1642
983	1531
983	1302
983	928
983	1002
983	1735
2128	2479
2128	2030
2131	2319
2131	2030
245	172
2466	2240
2466	1830
2466	831
1601	1155
1121	806
1121	1138
1121	643
1121	1046
1121	1640
551	2215
551	2473
1270	236
1271	236
801	313
801	1475
1553	901
1553	1552
1554	901
1554	1401
1554	951
1554	1552
1554	1553
2647	2658
2556	1904
2556	858
643	1904
643	2489
643	222
643	49
643	50
30	679
30	231
30	1148
30	285
30	2276
2091	303
824	1215
824	1707
825	1215
825	1707
262	266
2371	2489
2371	1126
2372	2398
2372	2489
2372	1126
793	262
1483	857
1483	2052
1483	2060
1539	2091
1539	449
696	215
1046	1344
1047	1355
1047	1420
1047	603
1047	1344
1640	1355
1640	603
1648	1355
2303	2035
2303	858
2303	1951
1678	1570
32	679
2398	2399
2398	2184
2656	1699
2656	799
1699	799
1706	799
1706	1385
817	818
817	819
818	817
818	819
534	313
862	2364
862	1513
862	1407
862	1155
862	785
1368	991
2551	2473
2706	1138
2706	1046
2706	1640
1804	2289
1805	2289
1805	1804
1140	2294
951	1401
922	1416
922	1233
922	923
923	1416
923	1233
1980	262
1407	783
578	1877
578	482
578	13
578	1122
578	1333
2319	2479
1155	1407
1155	783
1155	785
883	1665
883	1210
1214	1635
454	1368
454	183
454	541
2075	1855
1989	1882
717	2502
717	1877
717	2568
717	1122
150	50
150	643
1642	313
1642	1475
188	262
13	482
857	2060
670	603
541	183
1002	1735
1194	594
2403	2581
1154	819
1154	1531
2438	2091
441	297
64	284
1367	817
1109	2151
1542	801
2482	2645
885	831
2037	1584
2037	288
2037	2151
288	2157
2151	1584
1164	1584
2157	2565
1674	1123
1674	1680
1680	1123
785	1513
1385	1653
1635	1706
