87	47
87	2245
1534	1597
1534	1163
1534	1556
1535	1348
1535	629
1537	1556
1537	1348
1537	629
612	2568
66	2359
66	1248
66	2294
66	69
66	215
66	2310
66	1531
66	2441
66	2122
66	183
66	34
66	1698
66	149
66	2520
66	288
66	2157
581	222
581	49
581	50
251	1877
251	482
2338	1024
2338	1478
2338	2677
2338	2127
2338	1986
2338	2443
1339	434
2276	1864
2692	1370
2692	2038
2692	2172
1151	1350
2520	2359
2637	2652
2583	2310
2585	1809
2585	2441
2585	1830
2585	1263
690	445
690	2457
1174	1033
2652	2308
2652	240
378	2447
136	2399
136	1413
136	2231
136	2635
986	2484
1234	1263
1234	13
910	981
597	434
2607	2074
1636	2074
1636	1073
1636	928
1636	983
1636	1684
1636	245
2615	2074
1647	2074
835	1248
1574	1017
1574	484
486	1597
486	231
2052	2062
2060	2062
1084	2035
688	1248
688	835
1112	2415
629	221
2492	2547
2243	831
2243	2244
2243	2245
2530	2415
2665	2395
985	2038
1102	1413
887	1531
965	981
2447	2010
981	1140
2473	434
2473	1192
551	482
2471	2245
2395	2665
2091	1944
2091	2617
2091	585
902	981
2626	2399
2626	2656
2635	2231
1843	2626
2706	1752
2071	1809
2622	2033
240	2308
240	61
1048	984
