2527	1956
2527	2100
2527	1961
638	1312
638	2171
638	2045
638	1327
638	348
638	521
638	2426
638	1539
638	1919
66	2441
1498	2158
1498	1049
1498	1071
1498	2450
1329	1049
1329	1071
430	1165
430	223
430	119
1337	2300
1259	1944
1259	2213
1259	1081
1259	1082
1259	893
1259	92
1259	2312
686	223
1174	893
1174	1297
1174	1102
2427	2591
378	960
2649	1956
2649	249
2649	2436
2649	2106
735	216
735	1956
735	2527
735	307
735	195
735	86
735	2106
735	2649
1819	2580
1819	224
1961	2100
158	184
158	598
158	433
158	707
1234	977
1234	1226
1636	1073
1636	1684
1647	1684
2253	2213
1290	1226
1290	893
1112	1073
627	1679
1569	1073
1569	1609
1569	1721
1569	1726
1569	1008
1177	1180
849	1720
177	1489
1271	997
2091	1944
314	1073
314	1596
314	1726
1539	924
1292	960
1292	1085
1292	1049
1292	1071
1781	2663
1781	1819
509	669
307	598
428	184
428	598
428	433
428	302
432	184
432	598
432	428
432	433
432	302
433	184
195	707
196	216
196	195
196	707
165	432
2045	2550
302	598
302	428
2106	1750
