163	1253
163	563
163	1573
163	1515
552	548
552	374
552	451
552	472
552	2
552	305
552	239
552	446
552	644
552	220
552	311
552	653
552	16
552	173
552	554
552	559
552	412
552	723
552	85
552	688
552	621
552	636
552	738
552	749
552	57
552	60
552	210
552	671
552	167
552	92
552	691
552	367
552	466
552	473
552	483
552	575
552	455
552	298
552	601
552	370
552	306
552	277
1459	2078
1459	2221
1459	1687
1459	2404
1459	775
1459	1540
1459	633
1459	749
1459	57
1459	45
1459	1137
1459	210
1459	671
1459	167
1459	473
1459	566
1459	804
554	446
554	1859
554	167
554	306
559	34
559	1816
559	167
682	1791
682	2430
92	2438
611	633
611	601
2309	403
2309	681
2309	1325
2537	451
1560	2198
1560	535
1560	791
1560	1161
1560	456
747	73
747	502
747	186
747	699
747	588
66	34
438	21
74	252
294	83
294	1353
294	21
294	502
294	1438
294	665
294	103
294	186
294	173
294	638
294	554
294	191
294	1672
294	807
294	252
294	699
294	85
294	633
294	636
294	2476
294	2430
1259	92
471	2
471	1045
1649	1228
2586	2162
2586	1647
2150	2183
2150	1192
1844	1979
1844	1845
1845	1979
1845	979
68	1979
68	1845
879	700
879	979
1672	807
132	346
2666	451
63	739
1969	2309
1969	2363
1969	2051
1969	2200
1867	1754
1869	1754
88	682
538	2309
455	374
1625	1580
1515	936
2432	1755
