1459	2078
1459	2221
1459	2404
1994	2097
1994	2241
1994	1995
1994	1800
1995	2097
1995	1907
1995	1800
611	511
2474	2078
2508	2577
2508	632
570	1381
570	1922
576	1381
576	1922
347	713
347	998
347	999
347	452
347	84
1240	912
1240	1201
1240	841
1240	897
1240	998
1240	999
1240	987
1240	1086
1240	742
1240	1141
1240	1241
1240	950
1240	84
1240	1347
1240	1147
1241	912
1241	998
1241	1141
1241	1240
1241	950
1241	84
1241	1347
1241	1147
430	632
2342	2577
74	511
74	987
74	2013
74	252
74	345
74	1676
74	622
74	547
74	881
74	787
74	2390
74	1928
74	263
74	71
74	661
74	2124
74	310
74	377
74	19
74	867
76	869
76	1128
76	131
76	975
76	694
76	1934
76	345
76	181
76	2532
76	250
76	2390
76	661
76	2327
76	1548
76	392
76	518
591	1186
70	999
84	12
84	715
84	998
84	155
84	347
84	1240
84	27
84	950
84	1803
84	1347
84	1550
566	2221
1491	851
2180	2577
325	1201
325	211
1287	787
1287	499
1287	905
1288	1502
1288	1128
1288	1091
1288	1414
1288	787
1288	499
1288	107
1288	108
420	2590
519	2590
519	280
2421	345
2421	263
2421	2590
2421	74
2421	1868
1608	987
1608	2225
1608	431
295	2078
1309	1186
635	442
635	632
192	280
193	74
193	280
898	1687
645	51
645	312
645	742
645	211
2559	841
2559	51
2559	1241
2559	2076
2559	1747
2559	260
772	1502
772	768
772	51
772	2166
772	2167
772	312
772	742
772	1240
772	1241
772	2076
772	1147
41	1733
41	889
41	94
41	1982
41	725
41	533
41	2456
41	1713
41	892
41	352
41	23
41	115
48	2456
490	5
492	1186
513	452
2462	1986
2462	401
558	1934
558	2463
558	557
558	1137
558	1816
558	905
558	1641
558	1532
558	423
558	1555
558	2034
2467	2468
766	2532
1290	423
1290	429
2301	2588
2301	1907
2301	1901
2406	2078
157	897
157	371
157	2417
1112	1403
1112	1512
577	1502
577	389
577	312
577	2492
577	250
577	1532
577	401
577	2034
2492	1900
2492	2547
1593	1288
2573	1942
2367	2577
1908	442
1908	1647
1908	1893
1908	1838
1908	2561
1908	1582
1909	632
1909	1582
1425	525
1425	684
2015	2034
622	345
2532	2417
1393	1502
1393	1128
1393	1097
1393	976
1393	1414
1393	1437
1393	1397
1393	905
62	2474
62	2566
62	423
1116	1593
250	170
250	694
250	708
250	31
250	736
250	639
250	498
250	499
250	584
250	304
250	107
250	108
250	33
2419	492
2419	1268
4	170
787	1437
788	1414
788	1268
759	23
632	683
632	401
1582	2677
1582	1545
1582	632
1527	2420
1527	1543
1527	2524
1527	2525
1527	2221
1527	1086
1527	2166
1527	827
1527	2561
1527	1240
1527	909
1527	971
1527	2076
1527	419
1527	1747
1527	2088
1527	260
1527	211
88	371
1374	869
661	1191
2494	2063
107	898
107	250
107	498
107	108
107	1937
108	898
108	498
108	304
909	827
1894	2524
1894	827
1894	1527
1894	909
913	827
913	909
2327	2034
1548	1291
1548	1374
1532	1480
1532	1487
1532	925
1654	852
1654	855
1654	1338
423	2425
423	1934
423	557
423	62
1326	971
1326	419
1326	1747
1326	248
1326	776
1326	105
2596	2669
2596	2680
2596	2686
1764	1938
1765	1938
1770	1938
1770	1764
1770	1765
1268	1898
1268	2140
1268	2323
1268	1186
1268	976
1268	1414
1268	788
1268	1757
1268	1842
719	1838
719	2561
719	1666
1550	1624
1550	1158
1550	1425
1550	1419
1550	1555
1550	684
1555	1158
429	1514
429	29
1800	1907
1800	1901
1800	2016
1800	1995
1800	342
2108	1898
2108	2140
684	1425
684	525
2017	2677
2017	1479
2017	1582
518	2532
2417	2532
1898	278
1898	2140
324	278
324	389
324	185
326	324
326	278
327	324
327	326
327	945
327	1899
327	1532
332	324
332	389
332	185
332	1064
12	155
442	401
1934	1816
2164	2094
2164	2521
2164	1749
2164	5
2164	515
725	93
725	48
138	892
138	416
138	115
2016	467
2016	342
155	117
155	513
161	713
161	95
161	996
161	2311
161	1147
161	684
2221	1757
99	1803
99	2578
99	1613
99	2592
99	1619
99	1722
99	2679
99	1255
1463	999
1983	2078
976	905
389	185
389	1937
1086	1545
1086	1582
1086	1641
1086	1076
1086	1078
1020	2577
2463	1934
2384	2460
1172	1141
1172	2341
1172	2108
2166	2524
2166	2167
2166	971
2166	776
2167	2161
2169	2420
2292	2140
2292	1899
2293	1937
398	419
398	248
398	776
2404	2221
515	637
2434	105
623	637
623	2140
623	1937
623	1064
639	1763
639	584
1718	2138
1714	1458
838	1458
1524	1381
2549	280
452	117
1838	2514
1838	2380
1414	945
2561	2380
1461	1593
1461	1288
185	389
27	532
1419	525
1419	1550
1427	525
1427	1550
1922	2026
1928	2114
2590	388
1803	1913
2448	2311
905	1397
891	1437
782	1532
2566	2531
971	1602
2076	211
1324	1543
1324	2076
1324	1747
1324	260
1076	1078
1078	1076
419	1747
419	260
779	684
1347	1147
2578	99
1613	1614
1613	1162
1614	1613
2592	1852
1619	1613
1619	1614
1722	1619
1723	1619
1723	1722
2679	99
2679	2578
784	1613
784	1338
917	784
917	1338
1015	852
1015	996
1015	1338
1338	855
1757	1842
1666	1133
2697	2700
2697	2288
2697	2698
2697	1759
2698	2700
2698	1759
1759	2288
888	1731
888	896
888	41
894	1255
904	1733
904	889
904	892
904	352
904	1372
904	115
2025	2693
2025	2377
292	904
2153	2699
2153	889
2153	1977
2153	1982
2153	1992
2153	2025
2153	1716
2153	2002
2153	2219
2153	2318
2153	115
2153	2008
2153	2022
533	777
2456	1742
1713	889
1713	1870
1713	1978
1713	1982
1713	1991
1713	1992
1713	138
1713	41
1713	2153
1713	1716
1713	2002
1713	892
1713	468
1713	2510
1713	416
1713	115
1716	1982
1716	1991
1716	138
1716	41
1716	1713
1716	892
2002	1713
2285	2311
2285	2138
892	889
2362	1870
2362	2510
1372	896
1372	352
468	896
468	182
468	2377
468	491
491	182
491	2377
2510	1977
2510	1978
2510	1991
2510	2002
2510	416
126	94
126	2208
2208	2313
2219	1977
2219	2008
2219	2022
1255	95
358	95
358	1255
1761	2208
1913	416
2318	1977
2318	491
416	138
115	2421
1906	2421
2008	2022
2022	2008
1747	2160
1747	2434
280	10
388	2590
371	2507
1937	1064
952	1064
1064	1937
2114	1923
2124	2114
2069	2434
2088	2524
2088	2525
2088	2167
2088	248
2088	776
248	419
248	105
260	619
260	2524
260	2166
260	419
260	2069
392	154
