523	54
523	508
2537	2198
1560	2198
1560	535
1560	791
1560	1161
1560	456
569	456
569	1025
430	2487
430	1617
430	2593
430	1637
430	683
430	2033
430	1165
430	1792
430	2197
430	2137
430	223
430	1020
430	524
430	1698
430	381
430	1284
430	651
430	1207
430	2343
430	547
430	1568
430	632
430	2557
430	208
430	686
430	172
430	177
430	89
430	1270
430	119
430	52
430	236
2342	2593
2342	2577
2342	2197
2342	381
2342	497
2342	2151
2342	1270
1335	1270
1335	1032
1337	1020
1337	1335
1337	2343
1337	2300
1339	434
1339	2677
1339	1335
1339	1111
1339	1570
1339	2443
2692	2172
591	2690
591	2155
591	287
591	1186
591	453
591	549
591	1358
591	2475
591	2182
591	848
591	199
591	488
591	1032
591	1105
2057	2695
2057	790
2057	1510
228	52
456	1296
456	2455
456	2653
456	2099
456	1748
1491	1390
1491	851
1491	1605
1491	903
2583	2310
2583	1423
2583	2333
2583	1173
686	1273
686	381
686	430
1626	1164
318	2333
318	1173
2180	2577
2180	1500
1608	2225
1608	431
1053	853
1053	1024
1053	931
1053	1463
1053	1607
1053	1197
1053	1568
378	1207
378	227
378	692
378	1275
378	2290
378	2291
378	1963
378	396
378	2447
378	2583
378	1027
378	1061
378	1678
826	1273
826	1237
1819	2580
1823	2487
1823	2580
52	2487
52	2580
136	2487
136	2580
136	2172
136	159
2054	591
2054	2053
1309	1186
1309	1132
1309	924
635	683
635	722
635	442
635	660
635	256
635	381
635	474
635	651
635	430
635	632
635	634
635	208
635	264
635	686
635	172
635	177
635	89
635	436
635	375
640	635
640	287
640	459
640	1363
640	549
640	1897
640	109
640	2475
640	20
640	732
640	591
640	574
640	130
640	199
640	2054
478	497
478	227
478	52
479	418
1227	1236
1234	977
1234	1187
1234	790
1234	1510
1236	1227
1236	861
1236	296
1236	382
1236	1669
1238	1500
1238	1025
1238	1550
2350	2168
1343	1364
1343	1456
2356	1705
2356	2246
2356	1105
453	2156
453	9
453	706
453	1712
453	2059
453	2354
453	2455
453	1566
453	1358
453	1661
453	2092
453	2098
453	2099
453	1449
453	514
453	2618
453	1269
453	876
453	1025
453	2034
2360	2354
2360	1006
2360	2040
459	267
459	1705
459	130
1363	2168
1363	1343
1363	1364
1363	2475
1363	2653
1363	786
1364	1705
1364	1469
549	287
549	453
549	591
549	507
549	456
549	574
549	488
2455	2354
555	2354
1469	1705
1469	1456
1592	1161
672	2329
672	535
672	2004
672	1386
672	1343
672	2360
672	1363
672	549
672	2696
672	1460
672	1293
672	1003
672	1004
672	2653
672	591
672	456
672	924
672	574
672	130
1732	853
1732	2225
68	522
1672	903
109	635
109	640
109	535
109	1296
109	1888
109	1074
109	459
109	672
109	884
109	2315
109	778
109	1661
109	171
109	955
109	507
109	488
109	967
109	2053
109	2054
114	171
407	1875
1687	54
256	430
256	2225
2192	177
1312	1269
1312	1260
418	135
418	1312
418	1269
2467	2155
2467	2468
2467	323
641	1739
1198	1296
1198	859
1198	517
1198	418
1198	1170
1198	1683
102	2333
102	1964
102	2583
1003	2146
1003	2028
1003	2483
1003	1343
1003	1364
1003	1469
1003	1897
1003	1004
1003	2182
1003	791
1003	786
1004	2146
1004	2483
1004	2350
1004	1343
1004	1364
1004	1469
1004	1003
1004	791
1004	786
1644	1964
1644	322
2066	2062
560	955
560	938
1290	2329
1290	1712
1290	1226
1290	1238
1290	1918
1290	218
1290	2169
1290	1644
1290	1191
1290	1197
1290	893
1290	1025
1290	423
1290	429
157	1637
157	1075
157	393
157	2680
157	897
157	716
157	1289
157	2019
157	2540
157	979
157	1038
157	214
157	766
157	2021
157	1718
157	560
157	181
157	740
157	78
157	2095
157	916
157	1452
157	371
157	1550
157	1340
157	2417
160	322
2090	1260
2182	2146
2182	2633
2182	1835
2182	1748
1095	1456
1095	1433
308	9
308	2028
308	1456
319	1273
1191	692
1191	1053
627	1270
732	267
732	1897
732	20
2653	2028
2653	1363
1697	1683
740	929
740	164
740	418
740	560
740	1703
740	1559
740	1664
740	1667
740	1683
1019	853
1019	906
1019	926
1019	862
1019	927
1019	1256
1019	1290
1559	1683
2092	2015
2098	2156
2098	2099
1124	453
1124	1566
1124	1567
227	823
227	1318
227	1547
227	2319
227	296
1170	517
2367	2577
2367	1833
1425	525
15	322
2015	2327
2015	2034
2509	517
2509	2618
1431	861
2674	2066
761	535
761	9
761	40
2423	853
2423	550
2423	862
2423	1732
2423	1644
2423	1191
2423	2225
2423	2627
2423	881
2423	2657
2423	1161
2423	1601
1422	550
1422	1273
1422	1223
1422	1237
1006	472
1006	242
1006	876
1006	2040
1006	1025
1006	650
1569	430
1569	208
1570	1109
1570	1164
634	430
78	2681
78	469
88	208
88	371
955	1280
791	1661
792	1095
798	1433
798	1095
798	792
798	507
798	1105
382	29
382	2132
382	1837
2634	1197
847	848
847	1032
848	1388
848	1739
848	1400
848	1468
848	1607
848	1223
848	847
848	1032
654	1260
661	1191
1586	1388
1595	1964
1595	2675
1595	151
2657	1161
1702	1161
2675	1862
2675	1824
2675	1256
2675	1964
2135	2333
2135	2583
208	2343
208	1270
1267	1335
1267	1500
1924	2327
2040	2004
2040	2360
2040	672
2040	1924
159	2172
159	2066
159	2543
159	2674
985	2066
985	159
1237	1521
431	2137
431	156
965	177
2334	54
1161	2324
2391	507
507	1888
507	2548
507	2391
1000	931
25	1897
25	778
25	20
25	456
142	227
712	54
2327	2015
2327	1924
2327	2034
177	885
177	1489
177	1959
334	267
334	20
1452	560
1025	1388
1025	1712
1025	1449
1025	876
1027	1388
1027	56
1270	236
2511	2083
2511	2320
2511	2141
2511	2418
2511	2345
1528	151
574	1962
574	242
574	2360
574	2475
574	1827
574	1006
574	2040
662	181
662	518
1853	2320
1853	1861
488	2053
1550	1624
1550	1158
1550	1238
1550	1199
1550	1425
1550	1419
1550	1555
1550	684
429	1514
1333	1514
1333	1708
375	1576
375	836
1539	924
1539	378
481	9
967	56
967	1394
967	1400
967	957
967	1561
967	57
967	847
967	848
967	689
967	322
967	306
967	1032
684	525
1026	1433
1026	1105
1658	884
786	791
518	2532
1678	861
1678	1339
1678	1570
615	54
2329	2080
2329	1918
2329	2589
2329	1428
2685	2053
2690	2053
1891	1875
1862	1863
1862	1964
267	20
164	517
1618	2343
360	151
1897	2146
1897	2182
2005	2345
2134	2644
140	323
911	177
214	78
2695	2198
2696	98
2696	2695
2696	2036
1463	931
1463	1361
1566	1567
1567	1566
1567	1358
1358	1661
1460	924
660	635
2011	2633
2011	1835
2011	2182
1827	1962
1827	2083
1827	2224
1827	2110
1457	1237
1607	1223
2315	2287
417	508
2326	508
2326	2324
778	56
1661	1469
1661	1358
2067	1792
181	518
20	267
246	560
2651	2059
1223	1607
1875	2439
514	506
508	317
1109	2151
1419	525
1419	1550
522	525
1427	525
1427	1550
2006	1824
692	296
1964	1862
1964	1863
1848	2483
1160	1166
885	831
1164	1584
790	1510
2141	2418
299	2083
299	596
299	1827
299	2110
1260	1104
1262	1104
1510	790
1715	1386
2553	1875
2418	2141
2418	2345
571	2331
571	424
571	2495
571	1762
571	19
571	2694
2495	571
2495	1762
2495	2694
1762	571
1762	2694
19	571
2694	2331
