163	1792
163	624
638	2465
638	2146
638	701
638	862
638	722
638	1808
638	1189
638	383
638	618
638	1460
638	1312
638	1468
638	1895
638	2673
638	2171
638	441
638	227
638	296
638	2541
638	2045
638	1327
638	264
638	779
638	348
638	89
638	1027
638	521
638	2426
638	375
638	1539
638	1919
638	449
747	695
747	700
345	1924
582	1792
1512	1235
1512	1671
1512	1267
2508	1235
2508	2577
2508	2137
2508	632
2508	322
251	2560
251	6
251	932
251	1877
251	482
251	88
251	1505
344	1671
344	1267
344	1260
569	1181
569	767
569	550
569	1273
569	1092
569	1712
569	255
569	1522
569	1986
569	1457
569	1430
569	2099
569	514
569	710
569	1269
569	1000
1484	1521
1484	1057
1484	1692
1484	1220
1484	1092
1484	931
1484	822
1484	1522
1484	1430
1484	1482
1484	1197
1484	1500
1484	1237
1322	1622
1322	1020
1322	2539
1322	1027
1322	323
426	1576
426	836
426	1187
1328	1109
1328	1173
2338	1024
2338	1986
1329	2127
1329	1049
1329	1071
1329	1986
1329	1020
1335	1024
1335	1607
1335	1223
1335	885
1336	1027
1337	944
438	79
438	550
438	96
438	21
438	607
438	227
438	296
438	616
438	710
438	692
438	720
438	391
74	1024
76	181
76	2327
76	518
294	638
294	2476
2246	2475
1269	1312
1269	2618
1269	876
1269	1260
70	1521
70	1692
70	255
70	931
70	999
70	1986
84	1550
228	1692
228	323
565	1727
1643	1189
924	1480
1174	1033
1174	1074
1174	1135
1174	893
1174	303
1174	1297
1174	1102
1174	902
1174	414
322	1027
2427	1888
2427	2548
2427	2391
2427	507
2586	1647
2586	2113
378	960
378	335
378	2012
378	2195
378	2042
378	1238
378	218
378	178
378	286
378	585
378	1644
378	1290
2207	79
2207	1786
2053	2685
2054	2685
2555	2560
649	2560
2560	323
258	400
478	618
2210	1808
2354	400
2354	556
1360	1095
2360	2004
2360	400
2360	556
2360	1386
2360	2273
555	615
555	400
555	556
879	700
2409	638
40	761
2615	1647
1647	2074
1647	1684
1062	1323
1062	2651
490	6
1687	1189
2462	1986
766	181
766	78
766	518
1354	911
102	2012
102	1824
2408	2145
585	911
1644	1862
1644	1863
1644	822
1644	2423
560	1375
560	2287
560	78
1290	2080
157	1017
157	2230
157	1375
1112	926
2171	2031
319	29
1185	1521
1185	1000
624	112
624	11
624	700
624	572
625	700
738	1727
1954	98
14	400
14	242
1908	1647
1050	1389
1050	1306
1050	1591
1050	1492
1050	1499
1050	1171
2509	1962
1431	1181
1975	2689
2346	397
2346	1967
88	762
88	587
88	116
88	225
88	760
88	44
88	682
847	1402
847	1468
847	710
1595	1862
1595	1863
1595	1657
1595	1824
1595	1576
1595	836
1595	1301
1595	1776
1595	2346
1702	1199
2135	2012
930	1062
887	1531
887	983
2113	2623
2391	2548
25	1181
1505	2560
1505	932
1505	251
1266	1576
1266	836
614	615
615	556
615	98
2080	2609
659	695
659	624
767	255
1618	1220
1618	1112
1818	2073
1254	1062
795	794
2689	2209
1442	1135
1444	1442
1444	1135
1301	2346
865	2560
865	932
865	795
865	251
865	1505
1724	1492
2528	1858
421	255
1306	607
1306	1499
1310	1306
1310	1499
58	2495
417	317
2326	317
1727	1376
1967	695
2304	2297
2481	1858
2472	2476
299	746
